1.402497e+00 3.071976e-01 -2.036744e-01 3.202336e-01 3
2.161736e+00 1.460349e-01 2.522729e-01 -2.893186e-01 10
3.069861e+00 1.043814e-01 3.131107e-02 7.490208e-02 15
3.882980e+00 7.379260e-02 8.983763e-02 -1.107947e-01 33
4.923413e+00 3.903845e-02 -5.631270e-03 2.471699e-02 64
6.555546e+00 2.240958e-02 -2.577658e-03 9.420996e-03 184
8.621879e+00 1.056434e-02 3.800289e-04 2.378414e-03 373
1.141895e+01 4.853287e-03 5.178656e-04 1.541357e-03 937
1.514305e+01 2.233228e-03 -1.409324e-04 4.930950e-04 2129
1.995606e+01 1.003047e-03 -1.038877e-04 7.722414e-04 4787
