2.804994e+00 4.066757e-02 2.709814e-02 6.876455e-02 3
3.966860e+00 2.469523e-02 -2.853084e-02 7.237988e-04 6
4.858391e+00 7.313492e-03 -4.074770e+05 -1.880612e-02 4
6.139722e+00 7.695151e-03 5.018149e-03 1.602426e-02 15
6.870803e+00 6.367103e-03 -5.296192e-03 -4.035458e-02 12
8.791296e+00 4.405134e-03 1.392498e-03 1.720019e-03 49
1.109491e+01 2.580134e-03 4.037685e-04 9.244628e-04 81
1.357557e+01 1.269314e-03 3.287184e-05 9.763617e-05 139
1.675864e+01 6.944973e-04 -2.667685e-04 3.251737e-04 285
2.048089e+01 3.994813e-04 7.008426e-05 3.544981e-04 457
