1.402497e+00 3.231196e-01 -3.226471e-01 2.839453e-01 3
2.161736e+00 1.871501e-01 1.689093e-01 -2.787191e-01 10
3.069861e+00 8.484760e-02 -7.387637e-03 8.369457e-02 15
3.882980e+00 4.581053e-02 2.608611e-02 -3.374111e-02 33
4.923413e+00 2.712441e-02 -6.483064e-03 9.985720e-03 64
6.555546e+00 1.885879e-02 -6.985891e-03 9.415743e-03 184
8.621879e+00 8.116977e-03 -5.861548e-04 -4.992559e-04 373
1.141895e+01 3.842462e-03 -7.916364e-05 1.271659e-03 937
1.514305e+01 1.707728e-03 -1.284875e-04 6.074544e-04 2129
1.995606e+01 7.338309e-04 -5.379573e-05 6.544401e-04 4787
