1.402497e+00 2.789906e-01 -3.940815e-02 3.618368e-01 3
2.161736e+00 3.173716e-01 7.623403e-01 -7.422465e-01 10
3.069861e+00 1.892248e-01 1.492036e-01 1.614173e-01 15
3.882980e+00 1.456669e-01 2.580822e-01 -1.650227e-01 33
4.923413e+00 6.222508e-02 2.530489e-02 2.149219e-02 64
6.555546e+00 4.069445e-02 3.033036e-02 2.128567e-02 184
8.621879e+00 1.847801e-02 1.541956e-02 5.670892e-03 373
1.141895e+01 9.327076e-03 9.749046e-03 7.342547e-03 937
1.514305e+01 3.978998e-03 3.704362e-03 2.606760e-03 2129
1.995606e+01 1.549117e-03 1.101689e-03 1.311020e-03 4787
