1.402497e+00 4.631294e-01 2.955718e-02 6.469851e-01 3
2.161736e+00 3.985852e-01 6.430487e-01 -8.456809e-01 10
3.069861e+00 1.913534e-01 1.910320e-01 1.665257e-01 15
3.882980e+00 1.371154e-01 2.824137e-01 -1.987987e-01 33
4.923413e+00 6.769348e-02 1.720333e-02 2.564147e-03 64
6.555546e+00 4.193073e-02 1.989830e-02 1.579994e-02 184
8.621879e+00 2.020548e-02 1.236824e-02 2.117983e-03 373
1.141895e+01 9.937456e-03 7.665218e-03 4.455116e-03 937
1.514305e+01 4.321061e-03 3.280701e-03 2.722330e-03 2129
1.995606e+01 1.781276e-03 1.075191e-03 1.584365e-03 4787
