1.402497e+00 2.571890e-01 -2.175752e-01 2.451483e-01 3
2.161736e+00 3.153754e-01 5.148558e-01 -5.895227e-01 10
3.069861e+00 9.653359e-02 1.017907e-01 1.770820e-01 15
3.882980e+00 7.113597e-02 1.174900e-01 1.751026e-02 33
4.923413e+00 2.938432e-02 1.912420e-02 3.191948e-03 64
6.555546e+00 1.844697e-02 1.636147e-02 1.336420e-02 184
8.621879e+00 8.640340e-03 1.018362e-02 2.580433e-03 373
1.141895e+01 4.603593e-03 6.144146e-03 3.767151e-03 937
1.514305e+01 1.910309e-03 2.474826e-03 1.468071e-03 2129
1.995606e+01 7.676093e-04 1.026597e-03 9.025311e-04 4787
