1.402497e+00 2.913401e-01 -2.379774e-01 2.818415e-01 3
2.161736e+00 3.078270e-01 7.849818e-01 -7.133822e-01 10
3.069861e+00 1.588403e-01 1.349044e-01 1.419249e-01 15
3.882980e+00 1.177989e-01 2.549722e-01 -9.087361e-02 33
4.923413e+00 5.413537e-02 2.867143e-02 1.552074e-02 64
6.555546e+00 3.565475e-02 2.990184e-02 2.170981e-02 184
8.621879e+00 1.659550e-02 1.428247e-02 3.121024e-03 373
1.141895e+01 8.527086e-03 1.041309e-02 7.063171e-03 937
1.514305e+01 3.634245e-03 3.983380e-03 2.330908e-03 2129
1.995606e+01 1.413980e-03 1.214849e-03 1.243048e-03 4787
