2.804994e+00 2.865721e-02 1.904797e-02 4.843325e-02 3
3.966860e+00 1.734239e-02 -2.046667e-02 8.657208e-04 6
4.858391e+00 5.144070e-03 -2.866059e+05 -1.322761e-02 4
6.139722e+00 5.475555e-03 3.499733e-03 1.139131e-02 15
6.870803e+00 4.496834e-03 -3.713954e-03 -2.851139e-02 12
8.791296e+00 3.063260e-03 1.079147e-03 1.274137e-03 49
1.109491e+01 1.795822e-03 2.775153e-04 7.244411e-04 81
1.357557e+01 8.654845e-04 3.914364e-05 1.212690e-04 139
1.675864e+01 4.760912e-04 -1.744892e-04 2.142020e-04 285
2.048089e+01 2.773399e-04 6.307204e-05 2.475728e-04 457
