1.402497e+00 4.274030e+00 1.149570e+00 6.398465e+00 3
2.161736e+00 1.036574e+00 8.835371e-01 -1.937508e+00 10
3.069861e+00 2.624357e-01 1.785185e-01 3.206058e-01 15
3.882980e+00 1.345468e-01 5.638525e-02 -2.414052e-01 33
4.923413e+00 1.059957e-01 6.435370e-02 -4.574419e-02 64
6.555546e+00 6.187737e-02 2.405759e-02 1.728890e-02 184
8.621879e+00 2.948007e-02 1.982962e-02 6.156348e-03 373
1.141895e+01 1.479678e-02 9.844400e-03 7.849643e-03 937
1.514305e+01 6.061523e-03 3.673811e-03 4.135883e-03 2129
1.995606e+01 2.744050e-03 1.312382e-03 2.971885e-03 4787
