2.804994e+00 1.079971e-01 1.617573e-01 2.264143e-01 3
3.966860e+00 3.869783e-02 -5.256044e-04 -3.553193e-02 6
4.858391e+00 1.349783e-02 -7.520424e+05 -3.470871e-02 4
6.139722e+00 1.737186e-02 2.824379e-02 4.839134e-02 15
6.870803e+00 9.991130e-03 3.052202e-05 -6.663433e-02 12
8.791296e+00 7.529849e-03 8.861408e-03 4.580524e-03 49
1.109491e+01 4.983444e-03 5.934724e-03 2.405426e-03 81
1.357557e+01 2.397133e-03 2.670473e-03 2.236458e-04 139
1.675864e+01 1.342734e-03 1.506705e-03 1.322443e-03 285
2.048089e+01 7.711392e-04 1.234441e-03 1.175676e-03 457
