1.402497e+00 2.468193e-01 -2.383146e-01 2.208680e-01 3
2.161736e+00 1.724899e-01 6.892853e-02 -2.151617e-01 10
3.069861e+00 5.115529e-02 1.558964e-03 7.966687e-02 15
3.882980e+00 3.629699e-02 4.055140e-03 -3.983864e-03 33
4.923413e+00 1.612998e-02 -7.319890e-03 5.156005e-03 64
6.555546e+00 9.723915e-03 -4.323265e-03 4.592713e-03 184
8.621879e+00 4.349799e-03 2.284970e-05 7.828872e-04 373
1.141895e+01 2.181745e-03 -2.087344e-04 9.175091e-04 937
1.514305e+01 9.178880e-04 -7.050314e-05 4.795952e-04 2129
1.995606e+01 3.885525e-04 -3.073934e-05 3.690357e-04 4787
