2.804994e+00 5.770645e-02 3.850972e-02 9.760379e-02 3
3.966860e+00 3.521338e-02 -3.976978e-02 2.745144e-04 6
4.858391e+00 1.052223e-02 -5.862546e+05 -2.705717e-02 4
6.139722e+00 1.075976e-02 7.112124e-03 2.225826e-02 15
6.870803e+00 8.978964e-03 -7.446786e-03 -5.691722e-02 12
8.791296e+00 6.314155e-03 1.605602e-03 2.219167e-03 49
1.109491e+01 3.677589e-03 5.662315e-04 8.687067e-04 81
1.357557e+01 1.905887e-03 -3.066933e-05 4.590600e-06 139
1.675864e+01 1.034044e-03 -3.862935e-04 5.126049e-04 285
2.048089e+01 5.841108e-04 7.500251e-05 5.119201e-04 457
