2.804994e+00 2.793104e-01 3.895156e-01 5.715047e-01 3
3.966860e+00 1.502237e-01 1.200781e-02 -1.495920e-01 6
4.858391e+00 6.550108e-02 -3.649444e+06 -1.684314e-01 4
6.139722e+00 4.713241e-02 5.836557e-02 1.466798e-01 15
6.870803e+00 1.821665e-02 1.822823e-02 -1.287062e-01 12
8.791296e+00 1.846022e-02 1.236819e-02 1.934109e-02 49
1.109491e+01 1.235267e-02 1.540693e-02 1.916040e-02 81
1.357557e+01 6.740699e-03 7.451849e-03 2.341190e-03 139
1.675864e+01 3.793205e-03 4.275772e-03 5.631797e-03 285
2.048089e+01 1.890515e-03 2.653875e-03 2.884307e-03 457
