2.804994e+00 1.519196e-01 2.269360e-01 3.182004e-01 3
3.966860e+00 5.464574e-02 -9.050445e-04 -5.004000e-02 6
4.858391e+00 1.961811e-02 -1.093039e+06 -5.044658e-02 4
6.139722e+00 2.467528e-02 4.067376e-02 6.885438e-02 15
6.870803e+00 1.391110e-02 3.266006e-04 -9.289075e-02 12
8.791296e+00 9.985334e-03 1.012392e-02 4.190950e-03 49
1.109491e+01 6.899599e-03 8.176296e-03 3.474505e-03 81
1.357557e+01 3.405906e-03 3.526494e-03 -1.705108e-05 139
1.675864e+01 1.956944e-03 2.089473e-03 1.785676e-03 285
2.048089e+01 1.012682e-03 1.411634e-03 1.406208e-03 457
