1.402497e+00 3.531322e-01 -2.956869e-01 3.380894e-01 3
2.161736e+00 4.233814e-01 6.866748e-01 -7.915272e-01 10
3.069861e+00 1.290197e-01 1.369275e-01 2.463189e-01 15
3.882980e+00 1.011037e-01 1.541062e-01 1.702193e-02 33
4.923413e+00 4.317303e-02 2.999583e-02 2.452838e-03 64
6.555546e+00 2.686971e-02 2.417251e-02 2.175061e-02 184
8.621879e+00 1.251863e-02 1.300608e-02 1.953534e-03 373
1.141895e+01 6.634147e-03 8.499046e-03 5.091785e-03 937
1.514305e+01 2.778201e-03 3.528302e-03 2.063902e-03 2129
1.995606e+01 1.087124e-03 1.300614e-03 1.139114e-03 4787
