1.402497e+00 4.296068e+00 1.095036e+00 6.401964e+00 3
2.161736e+00 1.121090e+00 1.198747e+00 -2.143849e+00 10
3.069861e+00 2.782991e-01 1.678483e-01 3.688392e-01 15
3.882980e+00 1.195062e-01 5.085475e-02 -1.563729e-01 33
4.923413e+00 8.918775e-02 5.216656e-03 -5.883153e-02 64
6.555546e+00 5.029332e-02 -8.905301e-03 9.803558e-03 184
8.621879e+00 2.386389e-02 8.658866e-05 -1.106292e-03 373
1.141895e+01 1.172659e-02 -1.019278e-03 3.582328e-03 937
1.514305e+01 5.309286e-03 -1.492140e-04 2.526723e-03 2129
1.995606e+01 2.649197e-03 -2.868789e-04 2.466905e-03 4787
