2.804994e+00 4.099737e-02 7.245508e-03 5.953080e-02 3
3.966860e+00 2.158226e-02 -3.577320e-02 9.627441e-03 6
4.858391e+00 2.552139e-02 -1.421945e+06 -6.562644e-02 4
6.139722e+00 2.602231e-02 4.796858e-03 6.401976e-02 15
6.870803e+00 1.499037e-02 -1.583873e-02 -9.367124e-02 12
8.791296e+00 9.744795e-03 4.872810e-03 7.590221e-03 49
1.109491e+01 4.668687e-03 1.918892e-04 2.237825e-03 81
1.357557e+01 2.827946e-03 -3.874611e-04 2.450663e-04 139
1.675864e+01 1.630293e-03 -6.088047e-04 1.096320e-03 285
2.048089e+01 8.743165e-04 1.011261e-04 8.502512e-04 457
