1.402497e+00 5.520671e-01 2.017167e-01 8.524412e-01 3
2.161736e+00 3.517540e-01 4.109269e-01 -7.162697e-01 10
3.069861e+00 1.364962e-01 1.185374e-01 2.133550e-01 15
3.882980e+00 8.895881e-02 1.106146e-01 -1.689096e-01 33
4.923413e+00 5.193188e-02 -2.784327e-02 1.540375e-03 64
6.555546e+00 3.014120e-02 -5.033173e-03 1.517485e-02 184
8.621879e+00 1.355715e-02 -3.147537e-03 2.002396e-03 373
1.141895e+01 6.826097e-03 -1.843023e-04 1.658361e-03 937
1.514305e+01 3.106261e-03 -3.770867e-04 9.272015e-04 2129
1.995606e+01 1.424587e-03 -2.705312e-04 1.026362e-03 4787
