4.474464e-01 1.667301e+01 -2.097797e+01 1.254950e+01 9
7.337461e-01 7.391995e+00 4.118685e+00 -3.048051e+00 19
1.051687e+00 3.319060e+00 2.318950e+00 7.647295e-01 61
1.582779e+00 1.020626e+00 4.620637e-01 1.810860e-02 220
2.381398e+00 4.278815e-01 2.035531e-01 -1.451940e-03 742
3.623201e+00 1.677988e-01 1.302166e-01 4.621866e-02 2697
5.488001e+00 6.708660e-02 5.777753e-02 1.629776e-02 9162
8.327347e+00 2.369410e-02 2.265861e-02 5.886393e-03 32433
1.262989e+01 7.531780e-03 7.655654e-03 3.222371e-03 112457
1.913771e+01 1.970299e-03 2.000446e-03 1.691329e-03 391155
