2.804994e+00 1.403661e-01 2.060844e-01 2.922486e-01 3
3.966860e+00 3.397368e-02 -1.186580e-02 -2.173006e-02 6
4.858391e+00 3.457107e-02 -1.926154e+06 -8.889703e-02 4
6.139722e+00 3.825585e-02 3.617767e-02 1.095776e-01 15
6.870803e+00 1.993650e-02 -1.243912e-02 -1.280021e-01 12
8.791296e+00 1.443096e-02 1.506977e-02 9.222188e-03 49
1.109491e+01 8.681774e-03 1.115386e-02 1.115125e-02 81
1.357557e+01 4.406841e-03 3.553213e-03 -7.332664e-05 139
1.675864e+01 2.842833e-03 2.736572e-03 2.516705e-03 285
2.048089e+01 1.351225e-03 1.529733e-03 1.680438e-03 457
