1.402497e+00 3.281907e-01 -3.137625e-01 2.952056e-01 3
2.161736e+00 3.757437e-01 7.628450e-01 -7.720474e-01 10
3.069861e+00 1.408491e-01 1.108967e-01 1.959879e-01 15
3.882980e+00 9.098476e-02 1.731049e-01 -4.993305e-03 33
4.923413e+00 4.324425e-02 2.651527e-02 6.568656e-03 64
6.555546e+00 3.001182e-02 2.138242e-02 2.345054e-02 184
8.621879e+00 1.442844e-02 1.289438e-02 -1.493099e-03 373
1.141895e+01 7.306427e-03 8.780131e-03 5.364775e-03 937
1.514305e+01 3.080394e-03 3.453136e-03 1.930066e-03 2129
1.995606e+01 1.202120e-03 1.233007e-03 1.107765e-03 4787
