1.402497e+00 3.380727e-01 -3.258059e-01 3.028281e-01 3
2.161736e+00 2.331289e-01 9.600259e-02 -2.931680e-01 10
3.069861e+00 6.920831e-02 2.808784e-03 1.071555e-01 15
3.882980e+00 5.259868e-02 2.561949e-03 -6.406173e-03 33
4.923413e+00 2.305747e-02 -1.058338e-02 5.413237e-03 64
6.555546e+00 1.412206e-02 -6.333645e-03 6.907241e-03 184
8.621879e+00 6.522313e-03 -2.131196e-04 9.840767e-04 373
1.141895e+01 3.236643e-03 -1.978945e-04 1.307968e-03 937
1.514305e+01 1.348690e-03 -1.528407e-04 5.769397e-04 2129
1.995606e+01 5.885793e-04 -6.008008e-05 5.167323e-04 4787
