4.474464e-01 2.014146e+01 -1.478465e+01 1.216475e+01 9
7.337461e-01 7.400957e+00 3.328265e+00 -5.882917e+00 19
1.051687e+00 2.857833e+00 1.114870e+00 -6.175275e-02 61
1.582779e+00 7.957447e-01 -1.168664e-01 -2.193626e-01 220
2.381398e+00 3.325579e-01 -9.735962e-03 -4.346064e-02 742
3.623201e+00 1.184541e-01 3.542622e-03 7.868723e-03 2697
5.488001e+00 4.344827e-02 -1.315703e-03 3.783333e-03 9162
8.327347e+00 1.455058e-02 1.113832e-05 1.850493e-03 32433
1.262989e+01 4.659639e-03 4.605086e-05 1.507259e-03 112457
1.913771e+01 1.384903e-03 3.134288e-05 1.027760e-03 391155
