2.804994e+00 1.734422e-01 1.658410e-01 3.177947e-01 3
3.966860e+00 1.754107e-01 3.886428e-02 -1.952898e-01 6
4.858391e+00 5.215154e-02 -2.905664e+06 -1.341040e-01 4
6.139722e+00 2.218854e-02 -6.850919e-03 4.167958e-02 15
6.870803e+00 1.622878e-02 8.517290e-03 -1.115963e-01 12
8.791296e+00 1.678942e-02 4.375965e-03 1.796520e-02 49
1.109491e+01 8.870418e-03 3.018974e-03 6.030456e-03 81
1.357557e+01 4.653091e-03 8.529211e-04 -3.057076e-04 139
1.675864e+01 2.662062e-03 -3.042183e-04 2.110078e-03 285
2.048089e+01 1.557271e-03 7.192678e-04 1.806795e-03 457
