2.804994e+00 7.642743e-02 1.145884e-01 1.602855e-01 3
3.966860e+00 2.734631e-02 -4.588346e-04 -2.503654e-02 6
4.858391e+00 9.378458e-03 -5.225283e+05 -2.411604e-02 4
6.139722e+00 1.232538e-02 1.996023e-02 3.464011e-02 15
6.870803e+00 7.122363e-03 -3.892691e-05 -4.747743e-02 12
8.791296e+00 5.592739e-03 7.396335e-03 4.573839e-03 49
1.109491e+01 3.459901e-03 4.121558e-03 1.836562e-03 81
1.357557e+01 1.641366e-03 1.858938e-03 3.180242e-04 139
1.675864e+01 8.851828e-04 9.351987e-04 8.509149e-04 285
2.048089e+01 5.623029e-04 9.749281e-04 9.634088e-04 457
