1.402497e+00 3.327241e-01 7.091763e-02 4.890465e-01 3
2.161736e+00 1.994621e-01 3.376404e-01 -4.307417e-01 10
3.069861e+00 1.333063e-01 5.372737e-02 1.253519e-01 15
3.882980e+00 9.922108e-02 8.962393e-02 -1.588520e-01 33
4.923413e+00 4.539795e-02 -1.466728e-02 2.565597e-02 64
6.555546e+00 2.679840e-02 -1.780902e-03 1.326900e-02 184
8.621879e+00 1.129562e-02 -3.540027e-04 4.190350e-03 373
1.141895e+01 5.865380e-03 4.627969e-04 2.458592e-03 937
1.514305e+01 2.599161e-03 -9.300224e-06 1.032993e-03 2129
1.995606e+01 1.188580e-03 -1.356803e-05 1.027095e-03 4787
